
Step 500
Context: ...r precedence than logical OR. For example:

```python
result = True or False and False  # This expression is evaluated as (True or (False and False)),
Actual: )),

            ))\n        ))       )),    ))\n\n       )\n        ),         )     )).\n     )),\n     )))\n
))\n    1.000004  0.268739  0.187986  0.449829  0.460062  0.219090  0.218808  0.314349  0.334526  0.453878
))      0.268739  1.000004  0.372557  0.176829  0.142811  0.273199  0.330916  0.197443  0.201147  0.247503
)),     0.187986  0.372557  1.000006  0.143389  0.082571  0.338993  0.125334  0.220200  0.273244  0.207028
))\n\n  0.449829  0.176829  0.143389  1.000003  0.302938  0.147783  0.154826  0.239828  0.248819  0.344103
)\n     0.460062  0.142811  0.082571  0.302938  1.000002  0.289831  0.374344  0.253422  0.216900  0.275912
),      0.219090  0.273199  0.338993  0.147783  0.289831  1.000002  0.424185  0.153600  0.241246  0.111477
)       0.218808  0.330916  0.125334  0.154826  0.374344  0.424185  1.000001  0.089323  0.096164  0.114187
)).\n   0.314349  0.197443  0.220200  0.239828  0.253422  0.153600  0.089323  1.000000  0.272824  0.292106
)),\n   0.334526  0.201147  0.273244  0.248819  0.216900  0.241246  0.096164  0.272824  1.000004  0.317299
)))\n   0.453878  0.247503  0.207028  0.344103  0.275912  0.111477  0.114187  0.292106  0.317299  1.000004


Weighted embedding:
Rank  | CosSim   | Token
----------------------------------------
1     | 0.7811   | * '))'
2     | 0.7594   | * '))
'
3     | 0.5775   | * ')),'
4     | 0.4449   | * ')))
'
5     | 0.4039   |   ')))'
6     | 0.4001   |   ')).'
7     | 0.3966   |   ']))
'
8     | 0.3913   |   ')))
'
9     | 0.3906   | * '))

'
10    | 0.3869   |   '"))
'
11    | 0.3787   |   ']))'
12    | 0.3778   |   '()))
'
13    | 0.3765   |   '))))
'
14    | 0.3711   | * ')),
'
15    | 0.3698   |   '])
'
16    | 0.3684   |   '));
'
17    | 0.3684   |   ']))
'
18    | 0.3671   |   '))
'
19    | 0.3626   |   ''))
'
20    | 0.3616   | * '),'

Centroid:
Rank  | CosSim   | Token
----------------------------------------
1     | 0.6853   | * '))
'
2     | 0.6252   | * ')))
'
3     | 0.5898   | * ')),
'
4     | 0.5758   | * '))'
5     | 0.5755   | * '))

'
6     | 0.5580   | * ')).
'
7     | 0.5569   | * ')),'
8     | 0.5344   | * ')
'
9     | 0.5126   | * '),'
10    | 0.4751   |   ']))
'
11    | 0.4732   |   ')),
'
12    | 0.4727   |   '))))
'
13    | 0.4699   |   ')))
'
14    | 0.4660   |   '])
'
15    | 0.4587   |   '))),
'
16    | 0.4561   |   '()))
'
17    | 0.4533   |   '));
'
18    | 0.4492   |   ').
'
19    | 0.4464   |   '"))
'
20    | 0.4423   |   ']))
'

Top token:
Rank  | CosSim   | Token
----------------------------------------
1     | 1.0000   | * '))
'
2     | 0.4601   | * ')
'
3     | 0.4539   | * ')))
'
4     | 0.4498   | * '))

'
5     | 0.4415   |   '])
'
6     | 0.4199   |   ']))
'
7     | 0.4026   |   '"))
'
8     | 0.3990   |   '));
'
9     | 0.3778   |   ''))
'
10    | 0.3767   |   '")
'
11    | 0.3685   |   '()))
'
12    | 0.3639   |   '"])
'
13    | 0.3603   |   '))
'
14    | 0.3603   |   '())
'
15    | 0.3601   |   ' )
'
16    | 0.3591   |   '))))
'
17    | 0.3572   |   '()))
'
18    | 0.3551   |   ''])
'
19    | 0.3544   |   ')))
'
20    | 0.3538   |   ''))
'

Chimera:
Rank  | CosSim   | Token
----------------------------------------
1     | 0.6907   | * '))'
2     | 0.6891   | * '))
'
3     | 0.4674   | * ')),'
4     | 0.3598   | * ')))
'
5     | 0.3415   |   ']))
'
6     | 0.3390   |   ')))'
7     | 0.3294   |   '"))
'
8     | 0.3282   |   ']))'
9     | 0.3255   |   ')).'
10    | 0.3238   |   ')))
'
11    | 0.3224   | * '))

'
12    | 0.3187   |   '()))
'
13    | 0.3137   |   '))))
'
14    | 0.3112   |   '])
'
15    | 0.3101   |   '))
'
16    | 0.3094   |   ']))
'
17    | 0.3092   |   ''))
'
18    | 0.3067   |   '));
'
19    | 0.3054   |   ' ))'
20    | 0.3001   |   '}))'

Solver:
Rank  | CosSim   | Token
----------------------------------------
1     | 0.7671   | * '))
'
2     | 0.7416   | * '))'
3     | 0.5300   | * ')),'
4     | 0.4167   | * '))

'
5     | 0.4071   | * ')
'
6     | 0.3952   | * '),'
7     | 0.3917   | * ')'
8     | 0.3851   | * ')).
'
9     | 0.3806   | * ')),
'
10    | 0.3745   | * ')))
'
11    | 0.3446   |   ')).'
12    | 0.3269   |   '])
'
13    | 0.3258   |   ']))
'
14    | 0.3242   |   '));
'
15    | 0.3225   |   '"))
'
16    | 0.3163   |   ')))'
17    | 0.3049   |   ''))
'
18    | 0.3049   |   '));'
19    | 0.3046   |   ')))
'
20    | 0.3046   |   '])'

Step 501
Context: ...edence than logical OR. For example:

```python
result = True or False and False  # This expression is evaluated as (True or (False and False)), which
Actual:  which

               which  resulting       not        so  returning       and         i    result  equivalent   because
which       1.000002   0.066189  0.069789  0.104889   0.009760  0.042347  0.042960  0.011886    0.021651  0.130430
resulting   0.066189   1.000003  0.002170  0.045971   0.094165 -0.004736  0.023728  0.278655    0.068884  0.060272
not         0.069789   0.002170  0.999999  0.125900   0.013614  0.050802  0.030784  0.015801    0.002799 -0.007512
so          0.104889   0.045971  0.125900  1.000002   0.010100  0.029565  0.054932  0.040301   -0.033380  0.141064
returning   0.009760   0.094165  0.013614  0.010100   1.000003 -0.024706 -0.028669  0.018848    0.029078 -0.013188
and         0.042347  -0.004736  0.050802  0.029565  -0.024706  1.000000 -0.041322 -0.031764   -0.027755  0.051003
i           0.042960   0.023728  0.030784  0.054932  -0.028669 -0.041322  1.000003  0.045872    0.002020  0.026806
result      0.011886   0.278655  0.015801  0.040301   0.018848 -0.031764  0.045872  1.000003    0.054359  0.079998
equivalent  0.021651   0.068884  0.002799 -0.033380   0.029078 -0.027755  0.002020  0.054359    1.000004  0.008060
because     0.130430   0.060272 -0.007512  0.141064  -0.013188  0.051003  0.026806  0.079998    0.008060  1.000002


Weighted embedding:
Rank  | CosSim   | Token
----------------------------------------
1     | 0.9618   | * ' which'
2     | 0.5168   |   'which'
3     | 0.4205   |   ' Which'
4     | 0.3952   |   ' WHICH'
5     | 0.3604   |   '—which'
6     | 0.3521   |   'Which'
7     | 0.3354   |   ' who'
8     | 0.3150   | * ' resulting'
9     | 0.3055   |   '(which'
10    | 0.3041   |   ' whom'
11    | 0.2733   |   ' whose'
12    | 0.2701   |   ' where'
13    | 0.2639   |   '.which'
14    | 0.2352   |   ' that'
15    | 0.2285   |   ' what'
16    | 0.2105   |   ' wich'
17    | 0.1994   |   ' qui'
18    | 0.1942   |   ' This'
19    | 0.1895   |   ' when'
20    | 0.1864   |   ' it'

Centroid:
Rank  | CosSim   | Token
----------------------------------------
1     | 0.5266   | * ' resulting'
2     | 0.4438   | * ' result'
3     | 0.3926   | * ' because'
4     | 0.3769   | * ' equivalent'
5     | 0.3723   | * ' which'
6     | 0.3710   | * ' so'
7     | 0.3542   | * ' returning'
8     | 0.3134   | * ' not'
9     | 0.2656   | * ' i'
10    | 0.2471   |   ' results'
11    | 0.2430   |   ' resulted'
12    | 0.1999   |   ' Because'
13    | 0.1983   |   ' if'
14    | 0.1961   |   'which'
15    | 0.1955   |   ' but'
16    | 0.1928   | * ' and'
17    | 0.1912   |   ' such'
18    | 0.1885   |   ' where'
19    | 0.1869   |   'result'
20    | 0.1860   |   'because'

Top token:
Rank  | CosSim   | Token
----------------------------------------
1     | 1.0000   | * ' which'
2     | 0.5359   |   'which'
3     | 0.4405   |   ' Which'
4     | 0.4105   |   ' WHICH'
5     | 0.3819   |   '—which'
6     | 0.3705   |   'Which'
7     | 0.3460   |   ' who'
8     | 0.3212   |   '(which'
9     | 0.3190   |   ' whom'
10    | 0.2812   |   '.which'
11    | 0.2724   |   ' whose'
12    | 0.2663   |   ' where'
13    | 0.2446   |   ' that'
14    | 0.2282   |   ' what'
15    | 0.2209   |   ' wich'
16    | 0.2045   |   ' qui'
17    | 0.1866   |   ' when'
18    | 0.1823   |   'who'
19    | 0.1774   |   ' whereby'
20    | 0.1772   |   ' This'

Chimera:
Rank  | CosSim   | Token
----------------------------------------
1     | 0.7522   | * ' which'
2     | 0.3866   |   'which'
3     | 0.3142   |   ' Which'
4     | 0.3007   |   ' who'
5     | 0.2822   |   ' WHICH'
6     | 0.2638   |   'Which'
7     | 0.2549   |   '—which'
8     | 0.2314   |   ' that'
9     | 0.2313   |   ' whom'
10    | 0.2091   |   '(which'
11    | 0.2067   |   ' where'
12    | 0.2039   |   ' what'
13    | 0.1972   |   ' whose'
14    | 0.1936   |   '.which'
15    | 0.1739   |   ' it'
16    | 0.1649   |   ' It'
17    | 0.1617   |   ' when'
18    | 0.1606   |   ' qui'
19    | 0.1606   |   ' This'
20    | 0.1468   |   ' wich'

Solver:
Rank  | CosSim   | Token
----------------------------------------
1     | 0.7589   | * ' which'
2     | 0.2930   | * ' resulting'
3     | 0.2517   |   'which'
4     | 0.2211   | * ' not'
5     | 0.2027   | * ' so'
6     | 0.1775   | * ' returning'
7     | 0.1744   | * ' and'
8     | 0.1710   | * ' i'
9     | 0.1681   | * ' equivalent'
10    | 0.1645   | * ' result'
11    | 0.1594   | * ' because'
12    | 0.1525   |   ' Which'
13    | 0.1448   |   ' WHICH'
14    | 0.1194   |   ' who'
15    | 0.1141   |   ' that'
16    | 0.1136   |   ' where'
17    | 0.1134   |   ' corresponding'
18    | 0.1134   |   '—which'
19    | 0.1133   |   ' such'
20    | 0.1132   |   ' but'

Step 502
Context: ...nce than logical OR. For example:

```python
result = True or False and False  # This expression is evaluated as (True or (False and False)), which is
Actual:  is

                 is    equals  evaluates   returns   results     simpl   becomes    yields     means       equ
is         1.000001  0.056466   0.033959  0.059884  0.037904  0.016098  0.135717  0.031799  0.080007  0.007079
equals     0.056466  1.000003   0.085544  0.072525  0.031543  0.021701  0.100422  0.124492  0.101436  0.100218
evaluates  0.033959  0.085544   1.000004  0.079685  0.066173  0.045040  0.055427  0.058288  0.042785  0.037193
returns    0.059884  0.072525   0.079685  1.000005  0.116435  0.019752  0.110201  0.146108  0.068292  0.007471
results    0.037904  0.031543   0.066173  0.116435  1.000004  0.052019  0.032646  0.115398  0.068239  0.011927
simpl      0.016098  0.021701   0.045040  0.019752  0.052019  1.000004  0.031620  0.046157  0.054912  0.081732
becomes    0.135717  0.100422   0.055427  0.110201  0.032646  0.031620  1.000004  0.079816  0.074836 -0.006906
yields     0.031799  0.124492   0.058288  0.146108  0.115398  0.046157  0.079816  1.000005  0.053125  0.034545
means      0.080007  0.101436   0.042785  0.068292  0.068238  0.054911  0.074836  0.053125  1.000003  0.019031
equ        0.007079  0.100218   0.037193  0.007471  0.011927  0.081732 -0.006906  0.034545  0.019031  1.000002


Weighted embedding:
Rank  | CosSim   | Token
----------------------------------------
1     | 0.8351   | * ' equals'
2     | 0.5814   | * ' is'
3     | 0.3089   |   ' was'
4     | 0.2805   |   ' Equals'
5     | 0.2783   |   ' are'
6     | 0.2535   |   ' equal'
7     | 0.2505   |   'equals'
8     | 0.2464   |   '>equals'
9     | 0.2421   |   ' Is'
10    | 0.2333   |   '_Equals'
11    | 0.2223   |   ' has'
12    | 0.2099   |   '_equals'
13    | 0.2030   |   'Equals'
14    | 0.2020   |   ' IS'
15    | 0.1900   |   '_EQUALS'
16    | 0.1894   |   ' represents'
17    | 0.1882   |   '.Equals'
18    | 0.1854   |   ' be'
19    | 0.1837   | * ' evaluates'
20    | 0.1784   |   '.equals'

Centroid:
Rank  | CosSim   | Token
----------------------------------------
1     | 0.4646   | * ' equals'
2     | 0.4418   | * ' yields'
3     | 0.4094   | * ' becomes'
4     | 0.4091   | * ' returns'
5     | 0.3852   | * ' simpl'
6     | 0.3851   | * ' evaluates'
7     | 0.3779   | * ' equ'
8     | 0.3706   | * ' means'
9     | 0.3663   | * ' results'
10    | 0.2879   | * ' is'
11    | 0.2307   |   ' gives'
12    | 0.2292   |   ' equal'
13    | 0.2270   |   '>equals'
14    | 0.2243   |   ' Returns'
15    | 0.2208   |   ' implies'
16    | 0.2176   |   ' represents'
17    | 0.2172   |   ' yield'
18    | 0.2051   |   ' increases'
19    | 0.2046   |   ' remains'
20    | 0.2022   |   ' leads'

Top token:
Rank  | CosSim   | Token
----------------------------------------
1     | 1.0000   | * ' is'
2     | 0.5521   |   ' was'
3     | 0.5095   |   ' are'
4     | 0.3632   |   ' Is'
5     | 0.3456   |   ' has'
6     | 0.3204   |   ' IS'
7     | 0.3133   |   ' were'
8     | 0.3076   |   ' be'
9     | 0.2928   |   'is'
10    | 0.2794   |   ' will'
11    | 0.2591   |   ' can'
12    | 0.2589   |   '—is'
13    | 0.2471   |   '-is'
14    | 0.2435   |   'Is'
15    | 0.2297   |   ',is'
16    | 0.2228   |   '_is'
17    | 0.2119   |   '	is'
18    | 0.2093   |   ' would'
19    | 0.2079   |   ' am'
20    | 0.2029   |   '.is'

Chimera:
Rank  | CosSim   | Token
----------------------------------------
1     | 0.8060   | * ' is'
2     | 0.4538   |   ' was'
3     | 0.4483   |   ' are'
4     | 0.2818   |   ' has'
5     | 0.2588   |   ' Is'
6     | 0.2506   |   ' were'
7     | 0.2364   |   ' be'
8     | 0.2352   |   ' will'
9     | 0.2290   |   'is'
10    | 0.2245   |   ' can'
11    | 0.2203   |   ' IS'
12    | 0.2165   | * ' equals'
13    | 0.2044   |   ' ='
14    | 0.1863   |   ' would'
15    | 0.1769   |   ' ('
16    | 0.1654   |   '-is'
17    | 0.1648   |   'Is'
18    | 0.1620   |   ' does'
19    | 0.1601   |   ' isn'
20    | 0.1600   |   '—is'

Solver:
Rank  | CosSim   | Token
----------------------------------------
1     | 0.5871   | * ' is'
2     | 0.5732   | * ' equals'
3     | 0.2627   | * ' evaluates'
4     | 0.2495   | * ' returns'
5     | 0.2357   |   ' was'
6     | 0.2331   | * ' results'
7     | 0.2271   | * ' becomes'
8     | 0.2246   | * ' simpl'
9     | 0.2187   | * ' yields'
10    | 0.2047   | * ' means'
11    | 0.1983   | * ' equ'
12    | 0.1788   |   ' are'
13    | 0.1545   |   ' Is'
14    | 0.1502   |   ' has'
15    | 0.1446   |   ' be'
16    | 0.1440   |   ' equal'
17    | 0.1429   |   ' IS'
18    | 0.1425   |   ' gives'
19    | 0.1423   |   ' implies'
20    | 0.1420   |   ' occurs'

Step 503
Context: ...han logical OR. For example:

```python
result = True or False and False  # This expression is evaluated as (True or (False and False)), which is True
Actual:  True

                True  equivalent     False      true     equal         (  evaluated       the     false      then
True        1.000002    0.049392  0.391789  0.430130  0.070055 -0.006245  -0.006332 -0.010419  0.230340  0.032847
equivalent  0.049392    1.000003  0.046437  0.077901  0.202506 -0.000387   0.029289 -0.023605  0.057803  0.012478
False       0.391789    0.046437  1.000005  0.211515  0.055226 -0.026845   0.000582 -0.000173  0.407662  0.021887
true        0.430130    0.077901  0.211515  1.000003  0.098986 -0.018367   0.000863 -0.022154  0.342310  0.045585
equal       0.070055    0.202506  0.055226  0.098986  1.000001 -0.023291   0.037034 -0.059550  0.077290 -0.003226
(          -0.006245   -0.000387 -0.026845 -0.018367 -0.023291  0.999999  -0.016620  0.097770 -0.023139 -0.017073
evaluated  -0.006332    0.029289  0.000582  0.000863  0.037034 -0.016620   1.000005 -0.031815 -0.009834  0.000421
the        -0.010419   -0.023605 -0.000173 -0.022154 -0.059550  0.097770  -0.031815  0.999999 -0.006235 -0.037720
false       0.230340    0.057803  0.407662  0.342310  0.077290 -0.023139  -0.009834 -0.006235  1.000004  0.017490
then        0.032847    0.012478  0.021887  0.045585 -0.003226 -0.017073   0.000421 -0.037720  0.017490  1.000002


Weighted embedding:
Rank  | CosSim   | Token
----------------------------------------
1     | 0.9914   | * ' True'
2     | 0.4581   | * ' False'
3     | 0.4537   |   'True'
4     | 0.4455   | * ' true'
5     | 0.3440   |   ' TRUE'
6     | 0.3348   |   '(True'
7     | 0.3281   |   ',True'
8     | 0.3192   |   'true'
9     | 0.3105   |   '=True'
10    | 0.2922   |   '_True'
11    | 0.2886   |   '.True'
12    | 0.2725   |   'False'
13    | 0.2699   |   '	true'
14    | 0.2618   | * ' false'
15    | 0.2500   |   ' None'
16    | 0.2461   |   'TRUE'
17    | 0.2378   |   ':true'
18    | 0.2368   |   '(true'
19    | 0.2271   |   '_true'
20    | 0.2241   |   '>true'

Centroid:
Rank  | CosSim   | Token
----------------------------------------
1     | 0.5817   | * ' True'
2     | 0.5717   | * ' False'
3     | 0.5651   | * ' true'
4     | 0.5554   | * ' false'
5     | 0.4137   | * ' equal'
6     | 0.4062   | * ' equivalent'
7     | 0.3380   |   'True'
8     | 0.3179   |   'true'
9     | 0.3121   |   'False'
10    | 0.3005   |   ' TRUE'
11    | 0.2918   |   'false'
12    | 0.2822   |   ' FALSE'
13    | 0.2807   | * ' evaluated'
14    | 0.2662   |   '	true'
15    | 0.2629   |   '(True'
16    | 0.2564   |   '	false'
17    | 0.2523   |   '(false'
18    | 0.2523   |   '(true'
19    | 0.2510   | * ' then'
20    | 0.2485   |   '.false'

Top token:
Rank  | CosSim   | Token
----------------------------------------
1     | 1.0000   | * ' True'
2     | 0.4487   |   'True'
3     | 0.4301   | * ' true'
4     | 0.3918   | * ' False'
5     | 0.3382   |   ' TRUE'
6     | 0.3280   |   '(True'
7     | 0.3270   |   ',True'
8     | 0.3132   |   'true'
9     | 0.3051   |   '=True'
10    | 0.2878   |   '_True'
11    | 0.2870   |   '.True'
12    | 0.2648   |   '	true'
13    | 0.2496   |   'False'
14    | 0.2409   |   'TRUE'
15    | 0.2381   |   ' None'
16    | 0.2353   |   ':true'
17    | 0.2324   |   '(true'
18    | 0.2303   | * ' false'
19    | 0.2225   |   '_TRUE'
20    | 0.2214   |   '_true'

Chimera:
Rank  | CosSim   | Token
----------------------------------------
1     | 0.8726   | * ' True'
2     | 0.3883   |   'True'
3     | 0.3634   | * ' False'
4     | 0.3468   | * ' true'
5     | 0.2955   |   ' TRUE'
6     | 0.2869   |   '(True'
7     | 0.2843   |   ',True'
8     | 0.2606   |   '=True'
9     | 0.2597   |   'true'
10    | 0.2512   |   '_True'
11    | 0.2465   |   '.True'
12    | 0.2229   |   '	true'
13    | 0.2194   |   'False'
14    | 0.2100   |   'TRUE'
15    | 0.2046   |   ' None'
16    | 0.1991   |   ':true'
17    | 0.1905   |   '(true'
18    | 0.1887   |   '_true'
19    | 0.1880   |   '>true'
20    | 0.1864   |   '_TRUE'

Solver:
Rank  | CosSim   | Token
----------------------------------------
1     | 0.8289   | * ' True'
2     | 0.2657   | * ' equivalent'
3     | 0.2588   | * ' False'
4     | 0.2492   | * ' true'
5     | 0.1967   |   'True'
6     | 0.1586   | * ' equal'
7     | 0.1435   | * ' ('
8     | 0.1361   | * ' evaluated'
9     | 0.1355   | * ' the'
10    | 0.1328   | * ' then'
11    | 0.1303   | * ' false'
12    | 0.1099   |   ' TRUE'
13    | 0.0986   |   '(True'
14    | 0.0862   |   'False'
15    | 0.0860   |   '.True'
16    | 0.0860   |   ' Equal'
17    | 0.0859   |   'true'
18    | 0.0857   |   ' None'
19    | 0.0856   |   '_true'
20    | 0.0852   |   '=True'

Step 504
Context: ...an logical OR. For example:

```python
result = True or False and False  # This expression is evaluated as (True or (False and False)), which is True

Actual: 


                \n      \n\n       .\n         ,   because         (        \n       and       due        in
\n        0.999999  0.534808  0.610642  0.151366 -0.031262  0.212760  0.345168  0.205494 -0.029067 -0.080920
\n\n      0.534808  1.000000  0.361141  0.085559 -0.024650  0.170561  0.294808  0.126037 -0.032973 -0.052198
.\n       0.610642  0.361141  1.000002  0.093679 -0.018283  0.179007  0.236388  0.092305 -0.041912 -0.033373
,         0.151366  0.085559  0.093679  0.999999  0.007533  0.093092  0.033418  0.186731 -0.027719 -0.014935
 because -0.031262 -0.024650 -0.018283  0.007533  1.000003  0.010156 -0.034215  0.051003  0.148892  0.040078
 (        0.212760  0.170561  0.179007  0.093092  0.010156  0.999999  0.104977  0.173979 -0.011663  0.052600
 \n       0.345168  0.294808  0.236388  0.033418 -0.034215  0.104977  1.000003  0.093117 -0.034554 -0.058378
 and      0.205494  0.126037  0.092305  0.186731  0.051003  0.173979  0.093117  1.000000 -0.010939  0.026896
 due     -0.029067 -0.032973 -0.041912 -0.027719  0.148892 -0.011663 -0.034554 -0.010939  1.000002  0.039914
 in      -0.080921 -0.052198 -0.033373 -0.014935  0.040078  0.052600 -0.058378  0.026896  0.039914  1.000000


Weighted embedding:
Rank  | CosSim   | Token
----------------------------------------
1     | 0.9996   | * '
'
2     | 0.6175   | * '.
'
3     | 0.5974   |   ')
'
4     | 0.5570   | * '

'
5     | 0.4700   |   '?
'
6     | 0.4430   |   ']
'
7     | 0.4346   |   ':
'
8     | 0.4240   |   ''
'
9     | 0.4204   |   ';
'
10    | 0.4176   |   ',
'
11    | 0.4172   |   '"
'
12    | 0.4151   |   '!
'
13    | 0.3785   |   '...
'
14    | 0.3758   | * '.
'
15    | 0.3676   |   '’
'
16    | 0.3674   |   '…
'
17    | 0.3661   |   '”
'
18    | 0.3623   |   '>
'
19    | 0.3578   |   '.

'
20    | 0.3555   |   '}
'

Centroid:
Rank  | CosSim   | Token
----------------------------------------
1     | 0.6031   | * '
'
2     | 0.5369   | * '

'
3     | 0.4978   | * '.
'
4     | 0.4857   | * ' 
'
5     | 0.4401   | * ' ('
6     | 0.4206   | * ' and'
7     | 0.4054   |   '.

'
8     | 0.3892   |   ')
'
9     | 0.3630   | * ' because'
10    | 0.3612   | * '.
'
11    | 0.3607   |   '?
'
12    | 0.3597   |   ':
'
13    | 0.3559   |   ',
'
14    | 0.3521   |   ';
'
15    | 0.3477   | * ' due'
16    | 0.3318   |   '!
'
17    | 0.3182   |   ')

'
18    | 0.3161   | * ','
19    | 0.3101   |   ' 

'
20    | 0.3099   |   ']
'

Top token:
Rank  | CosSim   | Token
----------------------------------------
1     | 1.0000   | * '
'
2     | 0.6106   | * '.
'
3     | 0.5956   |   ')
'
4     | 0.5348   | * '

'
5     | 0.4661   |   '?
'
6     | 0.4403   |   ']
'
7     | 0.4302   |   ':
'
8     | 0.4220   |   ''
'
9     | 0.4169   |   ';
'
10    | 0.4148   |   ',
'
11    | 0.4143   |   '"
'
12    | 0.4112   |   '!
'
13    | 0.3754   |   '...
'
14    | 0.3700   | * '.
'
15    | 0.3665   |   '’
'
16    | 0.3648   |   '…
'
17    | 0.3645   |   '”
'
18    | 0.3591   |   '>
'
19    | 0.3513   |   '}
'
20    | 0.3489   |   ').
'

Chimera:
Rank  | CosSim   | Token
----------------------------------------
1     | 0.6110   | * '
'
2     | 0.3606   |   ')
'
3     | 0.3094   | * '.
'
4     | 0.2951   | * '

'
5     | 0.2688   |   ']
'
6     | 0.2644   |   '?
'
7     | 0.2581   |   '"
'
8     | 0.2564   |   ''
'
9     | 0.2501   |   ',
'
10    | 0.2407   |   ':
'
11    | 0.2396   |   '...
'
12    | 0.2262   |   ';
'
13    | 0.2256   |   '!
'
14    | 0.2239   |   '>
'
15    | 0.2157   |   '”
'
16    | 0.2118   |   '…
'
17    | 0.2112   |   '}
'
18    | 0.2098   |   '’
'
19    | 0.2091   | * '.
'
20    | 0.2058   |   ' )
'

Solver:
Rank  | CosSim   | Token
----------------------------------------
1     | 0.7831   | * '
'
2     | 0.3982   | * '

'
3     | 0.3581   | * '.
'
4     | 0.3052   |   ')
'
5     | 0.2605   | * ','
6     | 0.2456   | * ' because'
7     | 0.2137   | * ' ('
8     | 0.2054   | * ' 
'
9     | 0.2035   | * ' and'
10    | 0.2018   |   '?
'
11    | 0.1931   | * ' due'
12    | 0.1867   |   ',
'
13    | 0.1717   |   ':
'
14    | 0.1707   |   '...
'
15    | 0.1706   |   '"
'
16    | 0.1704   |   ';
'
17    | 0.1700   |   '.'
18    | 0.1699   |   ''
'
19    | 0.1699   |   '…
'
20    | 0.1697   |   '
'

Step 505
Context: ... logical OR. For example:

```python
result = True or False and False  # This expression is evaluated as (True or (False and False)), which is True
``
Actual: ``

                                ``    result         #       ```     print        if   (result                                             x
``                        1.000003  0.002972  0.088947  0.317320  0.033969  0.026263  0.006871  0.103230                  0.055566  0.012790
result                    0.002972  1.000003 -0.005901  0.005156  0.039945  0.030819  0.268120 -0.007426                  0.008927 -0.009807
#                         0.088947 -0.005901  1.000003  0.098847  0.077578  0.035750 -0.019779  0.110511                  0.056415 -0.003121
```                       0.317320  0.005156  0.098847  1.000002  0.027735  0.012342  0.003831  0.039128                  0.058841 -0.009543
print                     0.033969  0.039945  0.077578  0.027735  1.000005  0.055551  0.009908  0.019196                  0.022613  0.030213
if                        0.026263  0.030819  0.035750  0.012342  0.055551  1.000002  0.002244  0.028209                  0.001016  0.066805
(result                   0.006871  0.268120 -0.019779  0.003831  0.009908  0.002244  1.000004 -0.015793                  0.005911 -0.042743
                          0.103230 -0.007426  0.110511  0.039128  0.019196  0.028209 -0.015793  1.000002                  0.062508  0.041096
                          0.055566  0.008927  0.056415  0.058841  0.022613  0.001016  0.005911  0.062508                  1.000003 -0.048171
x                         0.012790 -0.009807 -0.003121 -0.009543  0.030213  0.066805 -0.042743  0.041096                 -0.048171  1.000001


Weighted embedding:
Rank  | CosSim   | Token
----------------------------------------
1     | 0.9994   | * '``'
2     | 0.3195   | * '```'
3     | 0.2900   |   ' ``'
4     | 0.2623   |   'code'
5     | 0.2568   |   '``
'
6     | 0.2536   |   ' ```'
7     | 0.2443   |   '``,'
8     | 0.2338   |   ' ```
'
9     | 0.2315   |   '`
'
10    | 0.1823   |   '$$'
11    | 0.1809   |   ' ``('
12    | 0.1718   |   '`'
13    | 0.1636   |   '~~'
14    | 0.1590   |   '||'
15    | 0.1564   |   'blockquote'
16    | 0.1501   |   '  '
17    | 0.1479   |   ' '''
18    | 0.1445   |   ''''
19    | 0.1441   |   '##'
20    | 0.1397   |   ' ¶'

Centroid:
Rank  | CosSim   | Token
----------------------------------------
1     | 0.4650   | * '```'
2     | 0.4573   | * '``'
3     | 0.4082   | * 'result'
4     | 0.3761   | * '(result'
5     | 0.3754   | * 'print'
6     | 0.3630   | * '                        '
7     | 0.3591   | * '#'
8     | 0.3228   | * '   '
9     | 0.2940   | * 'if'
10    | 0.2507   |   '    '
11    | 0.2473   |   '                    '
12    | 0.2399   |   '       '
13    | 0.2335   |   '                       '
14    | 0.2330   |   '                      '
15    | 0.2322   |   '                         '
16    | 0.2273   |   '                          '
17    | 0.2267   |   '                            '
18    | 0.2246   |   '                     '
19    | 0.2242   |   '        '
20    | 0.2199   |   ' ```'

Top token:
Rank  | CosSim   | Token
----------------------------------------
1     | 1.0000   | * '``'
2     | 0.3173   | * '```'
3     | 0.2908   |   ' ``'
4     | 0.2606   |   'code'
5     | 0.2570   |   '``
'
6     | 0.2537   |   ' ```'
7     | 0.2449   |   '``,'
8     | 0.2343   |   ' ```
'
9     | 0.2318   |   '`
'
10    | 0.1821   |   '$$'
11    | 0.1821   |   ' ``('
12    | 0.1711   |   '`'
13    | 0.1631   |   '~~'
14    | 0.1583   |   '||'
15    | 0.1552   |   'blockquote'
16    | 0.1496   |   '  '
17    | 0.1483   |   ' '''
18    | 0.1446   |   ''''
19    | 0.1396   |   '##'
20    | 0.1394   |   ' ¶'

Chimera:
Rank  | CosSim   | Token
----------------------------------------
1     | 0.8430   | * '``'
2     | 0.2513   | * '```'
3     | 0.2377   |   ' ``'
4     | 0.2329   |   'code'
5     | 0.2160   |   '``
'
6     | 0.2097   |   ' ```'
7     | 0.1998   |   ' ```
'
8     | 0.1993   |   '``,'
9     | 0.1851   |   '`
'
10    | 0.1454   |   '$$'
11    | 0.1427   |   ' ``('
12    | 0.1379   |   '`'
13    | 0.1375   |   '||'
14    | 0.1361   |   '~~'
15    | 0.1359   |   'blockquote'
16    | 0.1208   |   '##'
17    | 0.1194   |   ' '''
18    | 0.1187   |   ' ¶'
19    | 0.1184   |   '`,'
20    | 0.1183   |   ''''

Solver:
Rank  | CosSim   | Token
----------------------------------------
1     | 0.9059   | * '``'
2     | 0.2038   | * 'result'
3     | 0.1816   | * '#'
4     | 0.1761   | * '```'
5     | 0.1555   | * 'print'
6     | 0.1472   | * 'if'
7     | 0.1468   |   'code'
8     | 0.1422   | * '   '
9     | 0.1403   | * '(result'
10    | 0.1395   |   ' ``'
11    | 0.1303   | * '                        '
12    | 0.1236   | * 'x'
13    | 0.1027   |   '``,'
14    | 0.1021   |   '    '
15    | 0.1006   |   '``
'
16    | 0.1003   |   '  '
17    | 0.0998   |   '                       '
18    | 0.0995   |   '     '
19    | 0.0995   |   '                    '
20    | 0.0993   |   '##'

Step 506
Context: ...gical OR. For example:

```python
result = True or False and False  # This expression is evaluated as (True or (False and False)), which is True
```


Actual: `



           `\n\n       `\n     $\n\n     ]\n\n    `.\n\n        `.    **\n\n     "\n\n        ``        `:
`\n\n   1.000001  0.353504  0.284147  0.252382  0.343760  0.247054  0.262346  0.237592  0.091998  0.210394
`\n     0.353504  1.000002  0.181994  0.173587  0.194146  0.174494  0.159728  0.179397  0.231772  0.128353
$\n\n   0.284147  0.181994  1.000004  0.254619  0.243360  0.138129  0.220741  0.226539  0.029382  0.096783
]\n\n   0.252382  0.173587  0.254619  1.000004  0.197186  0.054077  0.203405  0.350578  0.003847  0.032451
`.\n\n  0.343760  0.194146  0.243360  0.197186  1.000004  0.325311  0.239680  0.209175  0.055274  0.196684
`.      0.247054  0.174494  0.138129  0.054077  0.325311  1.000003  0.141817  0.075821  0.112252  0.293704
**\n\n  0.262346  0.159728  0.220741  0.203405  0.239680  0.141817  1.000003  0.194473  0.020586  0.117408
"\n\n   0.237592  0.179397  0.226539  0.350578  0.209175  0.075821  0.194473  1.000003 -0.000419  0.058600
``      0.091998  0.231771  0.029382  0.003847  0.055274  0.112252  0.020586 -0.000419  1.000003  0.108303
`:      0.210394  0.128353  0.096783  0.032451  0.196684  0.293704  0.117408  0.058600  0.108303  1.000004


Weighted embedding:
Rank  | CosSim   | Token
----------------------------------------
1     | 1.0000   | * '`

'
2     | 0.3536   | * '`
'
3     | 0.3438   | * '`.

'
4     | 0.2974   |   '}

'
5     | 0.2904   |   '

'
6     | 0.2880   |   '"`

'
7     | 0.2842   | * '$

'
8     | 0.2835   |   '_

'
9     | 0.2820   |   '`
'
10    | 0.2780   |   ''

'
11    | 0.2765   |   ')`
'
12    | 0.2753   |   '~

'
13    | 0.2745   |   '')

'
14    | 0.2711   |   '`;

'
15    | 0.2698   |   '/

'
16    | 0.2682   |   ')

'
17    | 0.2647   |   '|`
'
18    | 0.2624   | * '**

'
19    | 0.2622   |   '?“

'
20    | 0.2606   |   '.

'

Centroid:
Rank  | CosSim   | Token
----------------------------------------
1     | 0.6464   | * '`

'
2     | 0.5937   | * '`.

'
3     | 0.5374   | * '$

'
4     | 0.5283   | * '`
'
5     | 0.5274   | * '**

'
6     | 0.5062   | * '`.'
7     | 0.4828   | * ']

'
8     | 0.4828   | * '"

'
9     | 0.4552   | * '`:'
10    | 0.4357   |   '

'
11    | 0.4098   |   '.

'
12    | 0.4041   |   ')

'
13    | 0.4019   |   ''

'
14    | 0.3918   |   '_

'
15    | 0.3897   |   ''

'
16    | 0.3883   |   '']

'
17    | 0.3870   |   '}

'
18    | 0.3856   |   '".

'
19    | 0.3854   |   '’.

'
20    | 0.3844   |   '`
'

Top token:
Rank  | CosSim   | Token
----------------------------------------
1     | 1.0000   | * '`

'
2     | 0.3535   | * '`
'
3     | 0.3438   | * '`.

'
4     | 0.2974   |   '}

'
5     | 0.2904   |   '

'
6     | 0.2880   |   '"`

'
7     | 0.2841   | * '$

'
8     | 0.2835   |   '_

'
9     | 0.2820   |   '`
'
10    | 0.2780   |   ''

'
11    | 0.2765   |   ')`
'
12    | 0.2753   |   '~

'
13    | 0.2745   |   '')

'
14    | 0.2711   |   '`;

'
15    | 0.2698   |   '/

'
16    | 0.2682   |   ')

'
17    | 0.2647   |   '|`
'
18    | 0.2623   | * '**

'
19    | 0.2622   |   '?“

'
20    | 0.2606   |   '.

'

Chimera:
Rank  | CosSim   | Token
----------------------------------------
1     | 0.8685   | * '`

'
2     | 0.2646   | * '`
'
3     | 0.2531   | * '`.

'
4     | 0.2361   |   '}

'
5     | 0.2312   |   '"`

'
6     | 0.2218   |   ')`
'
7     | 0.2156   |   '~

'
8     | 0.2153   |   '`
'
9     | 0.2151   |   '_

'
10    | 0.2146   |   '`;

'
11    | 0.2103   |   '')

'
12    | 0.2066   |   '

'
13    | 0.2059   |   ''

'
14    | 0.2050   | * '$

'
15    | 0.2019   |   '|`
'
16    | 0.2007   |   '/

'
17    | 0.2003   |   '`);

'
18    | 0.1977   |   '?“

'
19    | 0.1968   |   '`'
20    | 0.1957   |   '())

'

Solver:
Rank  | CosSim   | Token
----------------------------------------
1     | 0.9519   | * '`

'
2     | 0.3442   | * '`
'
3     | 0.2995   | * '$

'
4     | 0.2913   | * ']

'
5     | 0.2819   | * '`.

'
6     | 0.2775   | * '`.'
7     | 0.2715   | * '**

'
8     | 0.2653   | * '"

'
9     | 0.2651   | * '``'
10    | 0.2632   | * '`:'
11    | 0.2282   |   '

'
12    | 0.2173   |   '}

'
13    | 0.2109   |   '`'
14    | 0.2092   |   ' ```
'
15    | 0.2090   |   ')`
'
16    | 0.2087   |   '"`

'
17    | 0.2084   |   '```'
18    | 0.2076   |   '~

'
19    | 0.2075   |   '``
'
20    | 0.2074   |   '`;

'

Step 507
Context: ... OR. For example:

```python
result = True or False and False  # This expression is evaluated as (True or (False and False)), which is True
```

Short
Actual: Short

           However        In        To     Short        If   Without      This       The      Here  Operator
However   1.000003  0.115237  0.033452  0.001999  0.096534  0.075048  0.090605  0.071440  0.111299  0.044361
In        0.115237  1.000003  0.217507  0.033767  0.236889  0.110977  0.214315  0.288510  0.150219  0.033569
To        0.033452  0.217507  1.000002  0.059517  0.142957  0.140988  0.095133  0.144247  0.072039  0.015364
Short     0.001999  0.033767  0.059517  1.000003  0.025173  0.061984  0.027918  0.033919  0.042094  0.011939
If        0.096534  0.236889  0.142957  0.025173  1.000000  0.087236  0.190158  0.181641  0.139666  0.027452
Without   0.075048  0.110977  0.140988  0.061984  0.087236  1.000005  0.058941  0.039551  0.073461  0.020598
This      0.090605  0.214315  0.095133  0.027918  0.190158  0.058941  1.000003  0.318246  0.187555  0.003181
The       0.071440  0.288510  0.144247  0.033919  0.181641  0.039551  0.318246  1.000002  0.111417  0.005289
Here      0.111299  0.150219  0.072039  0.042094  0.139666  0.073461  0.187555  0.111417  1.000004  0.027494
Operator  0.044361  0.033569  0.015364  0.011939  0.027452  0.020598  0.003181  0.005289  0.027494  1.000005


Weighted embedding:
Rank  | CosSim   | Token
----------------------------------------
1     | 0.8651   | * 'However'
2     | 0.5147   |   ' However'
3     | 0.5087   | * 'In'
4     | 0.3102   |   ' In'
5     | 0.3086   |   ' however'
6     | 0.2915   |   'According'
7     | 0.2900   |   'however'
8     | 0.2878   | * 'To'
9     | 0.2847   | * 'If'
10    | 0.2665   |   'Moreover'
11    | 0.2555   |   'But'
12    | 0.2420   |   'While'
13    | 0.2412   |   'For'
14    | 0.2388   |   'As'
15    | 0.2369   |   'Furthermore'
16    | 0.2360   |   'It'
17    | 0.2310   |   'Additionally'
18    | 0.2301   |   'Although'
19    | 0.2287   | * 'The'
20    | 0.2287   |   ' HOWEVER'

Centroid:
Rank  | CosSim   | Token
----------------------------------------
1     | 0.5118   | * 'In'
2     | 0.4682   | * 'If'
3     | 0.4662   | * 'This'
4     | 0.4558   | * 'Here'
5     | 0.4429   | * 'The'
6     | 0.4221   | * 'To'
7     | 0.4206   | * 'Without'
8     | 0.4202   | * 'However'
9     | 0.3471   | * 'Short'
10    | 0.3260   |   'For'
11    | 0.3210   | * 'Operator'
12    | 0.3202   |   'It'
13    | 0.3152   |   ' In'
14    | 0.3060   |   'There'
15    | 0.3029   |   'With'
16    | 0.3022   |   'As'
17    | 0.2974   |   ' If'
18    | 0.2956   |   'When'
19    | 0.2901   |   ' This'
20    | 0.2798   |   'While'

Top token:
Rank  | CosSim   | Token
----------------------------------------
1     | 1.0000   | * 'However'
2     | 0.5915   |   ' However'
3     | 0.3828   |   ' however'
4     | 0.3451   |   'however'
5     | 0.2773   |   ' HOWEVER'
6     | 0.2748   |   'Moreover'
7     | 0.2510   |   'According'
8     | 0.2369   |   ' Moreover'
9     | 0.2285   |   'Furthermore'
10    | 0.2253   |   'Additionally'
11    | 0.1999   |   'But'
12    | 0.1975   |   'Therefore'
13    | 0.1870   |   'Nevertheless'
14    | 0.1859   |   ' According'
15    | 0.1836   |   ' Furthermore'
16    | 0.1701   |   'Although'
17    | 0.1687   |   ' But'
18    | 0.1647   |   ' embargo'
19    | 0.1626   |   'Also'
20    | 0.1602   |   'While'

Chimera:
Rank  | CosSim   | Token
----------------------------------------
1     | 0.6538   | * 'However'
2     | 0.5320   | * 'In'
3     | 0.4193   |   ' However'
4     | 0.3661   |   ' In'
5     | 0.2686   | * 'To'
6     | 0.2526   | * 'If'
7     | 0.2476   |   ' however'
8     | 0.2400   |   'According'
9     | 0.2291   |   'For'
10    | 0.2284   |   'It'
11    | 0.2277   |   'As'
12    | 0.2112   |   'At'
13    | 0.2108   |   'But'
14    | 0.2086   |   ' in'
15    | 0.2075   |   'however'
16    | 0.2028   |   'When'
17    | 0.2023   |   'On'
18    | 0.2023   |   'Moreover'
19    | 0.2001   |   '.In'
20    | 0.1997   |   'There'

Solver:
Rank  | CosSim   | Token
----------------------------------------
1     | 0.7368   | * 'However'
2     | 0.4706   | * 'In'
3     | 0.3521   |   ' However'
4     | 0.3058   | * 'To'
5     | 0.2979   | * 'Short'
6     | 0.2859   | * 'If'
7     | 0.2745   | * 'Without'
8     | 0.2651   | * 'The'
9     | 0.2644   | * 'This'
10    | 0.2570   | * 'Here'
11    | 0.2554   | * 'Operator'
12    | 0.2177   |   ' In'
13    | 0.1900   |   'According'
14    | 0.1864   |   'While'
15    | 0.1851   |   'Moreover'
16    | 0.1850   |   'It'
17    | 0.1849   |   'With'
18    | 0.1847   |   'For'
19    | 0.1845   |   'however'
20    | 0.1842   |   'At'

Step 508
Context: ...R. For example:

```python
result = True or False and False  # This expression is evaluated as (True or (False and False)), which is True
```

Short-c
Actual: -c

                 -c   circuit        -C   Circuit      -cut     -hand   circuits         -         c     -term
-c         1.000002  0.067222  0.345495  0.044598  0.102002  0.058105   0.060472  0.176463  0.325691  0.029616
 circuit   0.067222  1.000004  0.021664  0.402857  0.047693  0.027724   0.471055 -0.025759  0.055966  0.006000
-C         0.345495  0.021664  1.000004  0.041198  0.078458  0.006050   0.023480  0.163808  0.241344  0.005497
 Circuit   0.044598  0.402857  0.041198  1.000005  0.034536  0.021983   0.296539 -0.021679  0.041866  0.017931
-cut       0.102002  0.047693  0.078458  0.034536  1.000004  0.089950   0.020013  0.035364  0.035181  0.046675
-hand      0.058105  0.027724  0.006050  0.021983  0.089950  1.000004   0.007794  0.025064 -0.009250  0.108781
 circuits  0.060472  0.471055  0.023480  0.296539  0.020013  0.007794   1.000005 -0.021521  0.035799  0.002052
-          0.176463 -0.025759  0.163808 -0.021679  0.035364  0.025064  -0.021521  1.000000  0.068527  0.008910
c          0.325691  0.055966  0.241344  0.041866  0.035181 -0.009250   0.035799  0.068527  1.000003 -0.023357
-term      0.029616  0.006000  0.005497  0.017931  0.046675  0.108781   0.002052  0.008910 -0.023357  1.000003


Weighted embedding:
Rank  | CosSim   | Token
----------------------------------------
1     | 1.0000   | * '-c'
2     | 0.3456   | * '-C'
3     | 0.3258   | * 'c'
4     | 0.3158   |   ' c'
5     | 0.3084   |   '-b'
6     | 0.2931   |   ' C'
7     | 0.2838   |   '-p'
8     | 0.2837   |   '-d'
9     | 0.2805   |   '-s'
10    | 0.2804   |   'C'
11    | 0.2802   |   '-t'
12    | 0.2759   |   '-g'
13    | 0.2753   |   '_c'
14    | 0.2720   |   '.c'
15    | 0.2701   |   '/c'
16    | 0.2619   |   '(c'
17    | 0.2580   |   '-f'
18    | 0.2533   |   '-h'
19    | 0.2481   |   '_C'
20    | 0.2425   |   '-m'

Centroid:
Rank  | CosSim   | Token
----------------------------------------
1     | 0.5458   | * ' circuit'
2     | 0.5066   | * ' Circuit'
3     | 0.5032   | * ' circuits'
4     | 0.4947   | * '-c'
5     | 0.4275   | * '-C'
6     | 0.3757   | * '-cut'
7     | 0.3478   | * 'c'
8     | 0.3455   | * '-hand'
9     | 0.3132   | * '-term'
10    | 0.3094   |   'ircuit'
11    | 0.2632   |   'C'
12    | 0.2464   |   ' C'
13    | 0.2459   | * '-'
